﻿"Dato";"Kumulativt antall";"Nye tilfeller"
"2020-02-21";1;1
"2020-02-22";1;0
"2020-02-23";1;0
"2020-02-24";1;0
"2020-02-25";1;0
"2020-02-26";1;0
"2020-02-27";1;0
"2020-02-28";1;0
"2020-02-29";1;0
"2020-03-01";1;0
"2020-03-02";2;1
"2020-03-03";2;0
"2020-03-04";5;3
"2020-03-05";5;0
"2020-03-06";5;0
"2020-03-07";6;1
"2020-03-08";6;0
"2020-03-09";9;3
"2020-03-10";13;4
"2020-03-11";14;1
"2020-03-12";20;6
"2020-03-13";25;5
"2020-03-14";26;1
"2020-03-15";27;1
"2020-03-16";30;3
"2020-03-17";33;3
"2020-03-18";35;2
"2020-03-19";39;4
"2020-03-20";55;16
"2020-03-21";60;5
"2020-03-22";74;14
"2020-03-23";93;19
"2020-03-24";103;10
"2020-03-25";124;21
"2020-03-26";134;10
"2020-03-27";149;15
"2020-03-28";154;5
"2020-03-29";157;3
"2020-03-30";163;6
"2020-03-31";168;5
"2020-04-01";174;6
"2020-04-02";180;6
"2020-04-03";183;3
"2020-04-04";185;2
"2020-04-05";185;0
"2020-04-06";188;3
"2020-04-07";190;2
"2020-04-08";191;1
"2020-04-09";192;1
"2020-04-10";194;2
"2020-04-11";198;4
"2020-04-12";201;3
"2020-04-13";205;4
"2020-04-14";206;1
"2020-04-15";211;5
"2020-04-16";214;3
"2020-04-17";219;5
"2020-04-18";224;5
"2020-04-19";227;3
"2020-04-20";229;2
"2020-04-21";230;1
"2020-04-22";233;3
"2020-04-23";233;0
"2020-04-24";234;1
"2020-04-25";234;0
"2020-04-26";235;1
"2020-04-27";239;4
"2020-04-28";242;3
"2020-04-29";242;0
"2020-04-30";244;2
"2020-05-01";244;0
"2020-05-02";247;3
"2020-05-03";248;1
"2020-05-04";248;0
"2020-05-05";250;2
"2020-05-06";251;1
"2020-05-07";251;0
"2020-05-08";251;0
"2020-05-09";252;1
"2020-05-10";252;0
"2020-05-11";252;0
"2020-05-12";252;0
"2020-05-13";252;0
"2020-05-14";253;1
"2020-05-15";253;0
"2020-05-16";253;0
"2020-05-17";253;0
"2020-05-18";253;0
"2020-05-19";253;0
"2020-05-20";253;0
"2020-05-21";253;0
"2020-05-22";253;0
"2020-05-23";253;0
"2020-05-24";253;0
"2020-05-25";253;0
"2020-05-26";253;0
"2020-05-27";253;0
"2020-05-28";253;0
"2020-05-29";253;0
"2020-05-30";253;0
"2020-05-31";253;0
"2020-06-01";253;0
"2020-06-02";253;0
"2020-06-03";253;0
"2020-06-04";253;0
"2020-06-05";253;0
"2020-06-06";253;0
"2020-06-07";253;0
"2020-06-08";254;1
"2020-06-09";254;0
"2020-06-10";254;0
"2020-06-11";254;0
"2020-06-12";254;0
"2020-06-13";254;0
"2020-06-14";254;0
"2020-06-15";254;0
"2020-06-16";254;0
"2020-06-17";254;0
"2020-06-18";254;0
"2020-06-19";255;1
"2020-06-20";255;0
"2020-06-21";255;0
"2020-06-22";255;0
"2020-06-23";255;0
"2020-06-24";255;0
"2020-06-25";255;0
"2020-06-26";255;0
"2020-06-27";255;0
"2020-06-28";255;0
"2020-06-29";255;0
"2020-06-30";255;0
"2020-07-01";255;0
"2020-07-02";255;0
"2020-07-03";255;0
"2020-07-04";255;0
"2020-07-05";255;0
"2020-07-06";255;0
"2020-07-07";256;1
"2020-07-08";257;1
"2020-07-09";257;0
"2020-07-10";257;0
"2020-07-11";257;0
"2020-07-12";257;0
"2020-07-13";258;1
"2020-07-14";258;0
"2020-07-15";258;0
"2020-07-16";258;0
"2020-07-17";258;0
"2020-07-18";258;0
"2020-07-19";258;0
"2020-07-20";258;0
"2020-07-21";258;0
"2020-07-22";258;0
"2020-07-23";258;0
"2020-07-24";258;0
"2020-07-25";258;0
"2020-07-26";258;0
"2020-07-27";258;0
"2020-07-28";258;0
"2020-07-29";258;0
"2020-07-30";258;0
"2020-07-31";289;31
"2020-08-01";290;1
"2020-08-02";291;1
"2020-08-03";294;3
"2020-08-04";294;0
"2020-08-05";296;2
"2020-08-06";300;4
"2020-08-07";300;0
"2020-08-08";300;0
"2020-08-09";300;0
"2020-08-10";301;1
"2020-08-11";302;1
"2020-08-12";308;6
"2020-08-13";310;2
"2020-08-14";312;2
"2020-08-15";314;2
"2020-08-16";317;3
"2020-08-17";317;0
"2020-08-18";318;1
"2020-08-19";320;2
"2020-08-20";320;0
"2020-08-21";320;0
"2020-08-22";320;0
"2020-08-23";320;0
"2020-08-24";322;2
"2020-08-25";322;0
"2020-08-26";322;0
"2020-08-27";322;0
"2020-08-28";322;0
"2020-08-29";323;1
"2020-08-30";323;0
"2020-08-31";325;2
"2020-09-01";326;1
"2020-09-02";326;0
"2020-09-03";327;1
"2020-09-04";327;0
"2020-09-05";327;0
"2020-09-06";327;0
"2020-09-07";328;1
"2020-09-08";329;1
"2020-09-09";329;0
"2020-09-10";330;1
"2020-09-11";332;2
"2020-09-12";333;1
"2020-09-13";333;0
"2020-09-14";333;0
"2020-09-15";334;1
"2020-09-16";335;1
"2020-09-17";335;0
"2020-09-18";335;0
"2020-09-19";335;0
"2020-09-20";335;0
"2020-09-21";335;0
"2020-09-22";335;0
"2020-09-23";336;1
"2020-09-24";337;1
"2020-09-25";338;1
"2020-09-26";339;1
"2020-09-27";339;0
"2020-09-28";341;2
"2020-09-29";341;0
"2020-09-30";344;3
"2020-10-01";346;2
"2020-10-02";347;1
"2020-10-03";348;1
"2020-10-04";349;1
"2020-10-05";351;2
"2020-10-06";381;30
"2020-10-07";387;6
"2020-10-08";395;8
"2020-10-09";396;1
"2020-10-10";396;0
"2020-10-11";396;0
"2020-10-12";403;7
"2020-10-13";408;5
"2020-10-14";412;4
"2020-10-15";422;10
"2020-10-16";427;5
"2020-10-17";431;4
"2020-10-18";434;3
"2020-10-19";443;9
"2020-10-20";451;8
"2020-10-21";457;6
"2020-10-22";467;10
"2020-10-23";474;7
"2020-10-24";481;7
"2020-10-25";483;2
"2020-10-26";496;13
"2020-10-27";501;5
"2020-10-28";517;16
"2020-10-29";543;26
"2020-10-30";556;13
"2020-10-31";564;8
"2020-11-01";571;7
"2020-11-02";597;26
"2020-11-03";634;37
"2020-11-04";645;11
"2020-11-05";666;21
"2020-11-06";682;16
"2020-11-07";691;9
"2020-11-08";697;6
"2020-11-09";722;25
"2020-11-10";729;7
"2020-11-11";746;17
"2020-11-12";757;11
"2020-11-13";766;9
"2020-11-14";771;5
"2020-11-15";773;2
"2020-11-16";788;15
"2020-11-17";808;20
"2020-11-18";812;4
"2020-11-19";817;5
"2020-11-20";822;5
"2020-11-21";827;5
"2020-11-22";827;0